130 30 0 0
27 17 2
11 17 8
7 27 11
28 7 15
24 27 19
15 28 22
26 28 25
0 11 26
13 17 27
23 17 27
20 13 32
21 15 33
5 17 39
10 21 45
6 11 52
14 27 53
19 15 53
16 14 57
2 26 64
25 10 74
12 13 77
8 6 80
1 8 84
22 20 88
29 26 89
18 11 92
4 0 97
9 14 97
3 24 99
2 1 53
4 1 81
6 2 62
7 1 96
7 3 58
7 4 64
7 6 98
9 1 10
9 3 55
9 6 51
10 2 46
10 3 56
10 4 32
10 21 45
11 5 91
11 7 89
11 8 52
11 9 44
11 10 54
12 6 32
12 8 59
12 10 13
12 11 27
12 13 77
14 2 15
14 8 53
14 12 62
15 3 14
15 10 58
16 1 64
16 3 49
16 7 36
16 13 98
17 4 3
18 7 19
18 8 39
18 10 13
18 12 13
19 2 83
19 4 97
19 10 47
19 11 97
20 5 32
20 8 52
20 12 88
21 4 46
21 5 77
21 6 94
21 7 13
21 8 4
21 18 43
21 20 13
22 4 11
22 6 42
22 9 22
22 14 1
22 17 23
22 19 32
22 21 94
23 4 99
23 12 41
23 13 24
23 14 77
23 15 79
23 19 84
23 20 7
24 0 10
24 1 82
24 8 16
24 10 98
24 14 63
24 18 58
24 20 44
25 3 82
25 5 3
25 6 14
25 7 79
25 9 59
25 12 69
25 15 81
25 16 66
25 19 46
25 22 54
25 24 56
26 3 92
26 8 86
26 9 91
26 13 38
26 15 76
26 19 63
27 4 46
27 11 85
27 13 46
27 22 41
27 26 40
28 9 59
28 17 85
28 23 52
29 6 8
29 10 99
29 23 84
