239 30 4 0
2 14 10
3 14 12
19 14 15
8 3 19
9 14 25
18 9 25
28 2 32
24 18 33
4 3 35
25 24 41
15 3 44
22 2 45
21 25 50
16 14 55
26 22 56
5 14 58
13 21 61
23 25 66
20 9 72
11 28 72
1 9 78
6 14 79
17 26 80
10 1 81
0 19 82
29 4 85
7 2 91
27 18 97
12 23 99
0 1 60
0 3 33
0 9 28
0 19 82
0 28 49
0 29 7
1 2 67
1 6 71
1 7 67
1 8 76
1 10 45
1 12 33
1 15 17
1 20 71
1 27 92
1 29 75
2 8 30
2 10 78
2 13 59
2 16 79
2 17 2
2 20 98
2 21 21
2 23 56
3 5 51
3 9 60
3 11 23
3 21 45
3 26 44
4 2 37
4 8 77
4 17 10
4 21 18
4 22 79
4 29 23
5 8 89
5 11 4
5 21 30
5 22 50
5 29 91
6 1 17
6 5 98
6 10 91
6 11 79
6 16 59
6 17 10
7 9 12
7 10 39
7 21 63
7 22 49
7 27 98
7 28 74
8 0 88
8 6 54
8 7 19
8 10 5
8 14 70
8 15 23
8 18 89
8 25 98
9 1 42
9 3 59
9 6 63
9 11 3
9 12 55
9 28 80
10 0 59
10 2 50
10 3 51
10 7 72
10 8 94
10 11 8
10 13 68
10 19 22
10 25 4
10 26 34
10 27 79
10 28 70
11 6 19
11 8 39
11 10 73
11 16 48
11 18 76
11 27 88
12 3 40
12 16 33
13 2 24
13 3 71
13 4 5
13 17 41
13 18 86
13 19 47
14 0 68
14 4 82
14 15 37
14 17 74
14 18 41
14 21 64
14 22 28
14 26 32
15 0 63
15 1 85
15 2 2
15 6 78
15 21 19
15 23 17
15 26 92
15 29 61
16 0 79
16 6 30
16 12 61
16 13 99
16 18 1
16 21 12
16 22 47
16 23 14
16 29 8
17 6 3
17 7 84
17 13 65
17 18 95
17 20 87
18 3 42
18 9 25
18 12 30
18 23 5
19 3 95
19 10 91
19 11 13
19 13 72
19 18 81
19 21 29
19 24 25
19 26 94
19 28 29
20 0 43
20 8 61
20 11 89
20 17 12
20 24 80
20 25 24
20 29 85
21 6 98
21 10 75
21 11 25
21 13 82
21 14 41
21 24 10
22 0 67
22 6 77
22 8 96
22 9 20
22 10 70
22 13 60
22 18 76
22 20 7
22 23 45
22 25 83
22 29 95
23 6 13
23 9 73
23 10 93
23 11 93
23 13 18
23 20 30
23 21 94
23 27 85
24 2 51
24 11 13
24 13 87
24 23 85
25 0 95
25 5 85
25 9 83
25 19 17
25 20 61
25 21 90
25 22 22
25 26 76
26 1 71
26 3 95
26 5 55
26 7 65
26 11 88
26 12 13
26 13 93
26 14 76
26 21 97
26 28 72
27 2 77
27 3 6
27 4 13
27 11 54
27 14 46
27 15 57
27 19 6
27 25 83
27 28 57
28 0 70
28 1 56
28 5 54
28 12 12
28 20 60
29 5 2
29 9 62
29 11 7
29 13 53
29 16 56
29 22 65
29 25 92
