---- Algorytm Dijkstry na macierzy sąsiedztwa ---
Ilość wierzchołków;Gęstość;Czas średni [us];
50;25;167.0;
50;50;177.3;
50;75;176.7;
50;99;172.9;
100;25;719.8;
100;50;737.1;
100;75;727.1;
100;99;719.8;
150;25;1668.4;
150;50;1720.9;
150;75;1683.1;
150;99;1662.1;
200;25;3044.5;
200;50;3136.4;
200;75;3043.7;
200;99;3013.0;
250;25;4683.0;
250;50;4728.8;
250;75;4610.6;
250;99;4494.4;

---- Algorytm Dijkstry na liscie sąsiedztwa ---
Ilość wierzchołków;Gęstość;Czas średni [us];
50;25;237.1;
50;50;323.3;
50;75;413.4;
50;99;506.9;
100;25;948.6;
100;50;1338.6;
100;75;1817.7;
100;99;2333.7;
150;25;2220.1;
150;50;3299.9;
150;75;4678.4;
150;99;6080.6;
200;25;4234.8;
200;50;6447.4;
200;75;8999.0;
200;99;12085.8;
250;25;6944.2;
250;50;10577.6;
250;75;15528.3;
250;99;21259.3;

