---- Algorytm Prima na macierzy sąsiedztwa ---
Ilość wierzchołków;Gęstość;Czas średni [us];
50;25;136.6;
50;50;137.9;
50;75;136.1;
50;99;137.2;
100;25;527.4;
100;50;570.6;
100;75;580.1;
100;99;566.8;
150;25;1288.6;
150;50;1314.0;
150;75;1355.3;
150;99;1360.6;
200;25;2285.0;
200;50;2523.6;
200;75;2595.9;
200;99;2583.7;
250;25;3786.5;
250;50;4154.8;
250;75;5391.2;
250;99;7059.6;

---- Algorytm Prima na liscie sąsiedztwa ---
Ilość wierzchołków;Gęstość;Czas średni [us];
50;25;307.1;
50;50;405.6;
50;75;567.7;
50;99;655.1;
100;25;1228.6;
100;50;1866.5;
100;75;2509.7;
100;99;3363.4;
150;25;2963.9;
150;50;4599.8;
150;75;6839.2;
150;99;9286.8;
200;25;5731.7;
200;50;9173.8;
200;75;13952.7;
200;99;19340.5;
250;25;9525.0;
250;50;11959.1;
250;75;17181.8;
250;99;32049.8;

