---- Algorytm Kruskala na macierzy sąsiedztwa ---
Ilość wierzchołków;Gęstość;Czas średni [us];
50;25;70.9;
50;50;126.0;
50;75;189.3;
50;99;230.6;
100;25;298.1;
100;50;576.0;
100;75;858.5;
100;99;1125.5;
150;25;720.6;
150;50;1411.8;
150;75;2103.4;
150;99;2859.7;
200;25;1295.6;
200;50;2622.4;
200;75;3997.2;
200;99;4966.3;
250;25;1976.6;
250;50;4039.9;
250;75;6047.1;
250;99;7977.3;

---- Algorytm Kruskala na liscie sąsiedztwa ---
Ilość wierzchołków;Gęstość;Czas średni [us];
50;25;211.7;
50;50;401.4;
50;75;605.4;
50;99;797.6;
100;25;873.2;
100;50;1737.1;
100;75;2652.7;
100;99;3516.9;
150;25;2027.3;
150;50;4098.8;
150;75;6304.5;
150;99;8488.5;
200;25;3745.7;
200;50;7622.1;
200;75;11591.7;
200;99;15949.3;
250;25;5923.3;
250;50;12291.2;
250;75;19481.4;
250;99;26971.0;

